   1.60345566E-02   0.0000000000000000     
   4.81036678E-02   0.0000000000000000     
   8.01727772E-02   0.0000000000000000     
  0.112241894       0.0000000000000000     
  0.144310996       0.0000000000000000     
  0.176380113       0.0000000000000000     
  0.208449230       0.0000000000000000     
  0.240518332       0.0000000000000000     
  0.272587448       0.0000000000000000     
  0.304656565       0.0000000000000000     
  0.336725682       0.0000000000000000     
  0.368794799       0.0000000000000000     
  0.400863886       0.0000000000000000     
  0.432933003       0.0000000000000000     
  0.465002120       0.0000000000000000     
  0.497071236       0.0000000000000000     
  0.529140353       0.0000000000000000     
  0.561209440       0.0000000000000000     
  0.593278587       0.0000000000000000     
  0.625347674       0.0000000000000000     
  0.657416821       0.0000000000000000     
  0.689485908       0.0000000000000000     
  0.721554995       0.0000000000000000     
  0.753624141       0.0000000000000000     
  0.785693228       0.0000000000000000     
  0.817762375       0.0000000000000000     
  0.849831462       7.7101931971315208E-007
  0.881900549       8.8780382073358141E-005
  0.913969696       7.0941033611594271E-003
  0.946038783      0.10470833362655162     
  0.978107929      0.50739473376607636     
   1.01017702       1.2259415387546531     
   1.04224610       1.9241140506979086     
   1.07431519       2.3247397461647981     
   1.10638440       2.4014213962848681     
   1.13845348       2.2738702202258776     
   1.17052257       2.0547935218514466     
   1.20259166       1.8182551702170453     
   1.23466086       1.6050314063221778     
   1.26672995       1.4174047303914674     
   1.29879904       1.2622188986625906     
   1.33086812       1.1321798715954023     
   1.36293721       1.0308991897221342     
   1.39500642      0.95099662767856163     
   1.42707551      0.88826660762097476     
   1.45914459      0.83842283025236475     
   1.49121368      0.80187804200422341     
   1.52328277      0.77336231062063521     
   1.55535197      0.75593691639060367     
   1.58742106      0.74542808480788481     
   1.61949015      0.74340977043533718     
   1.65155923      0.74714261270244531     
   1.68362832      0.75802615352691638     
   1.71569753      0.77512106102785427     
   1.74776661      0.79785363572329360     
   1.77983570      0.82604587039682720     
   1.81190479      0.85863461332278457     
   1.84397388      0.89585717460440495     
   1.87604308      0.93485028361911748     
   1.90811217      0.97541105716431009     
   1.94018126       1.0127354227178988     
   1.97225034       1.0499676591306277     
   2.00431943       1.0843601964341947     
   2.03638864       1.1142705994351887     
   2.06845760       1.1371175480037248     
   2.10052681       1.1525983450046258     
   2.13259602       1.1602068536507297     
   2.16466498       1.1570379156616337     
   2.19673419       1.1452877384381410     
   2.22880316       1.1275372386351399     
   2.26087236       1.1060149419848553     
   2.29294157       1.0796572840792087     
   2.32501054       1.0541013722211718     
   2.35707974       1.0302289231040942     
   2.38914895       1.0079409058428888     
   2.42121792      0.98708388953680704     
   2.45328712      0.96961411271393383     
   2.48535609      0.95474002530010049     
   2.51742530      0.94441597443699721     
   2.54949450      0.93823242576809363     
   2.58156347      0.93443283661877674     
   2.61363268      0.93283979586430221     
   2.64570165      0.93345365845702033     
   2.67777085      0.93749159491165390     
   2.70984006      0.94316490759158278     
   2.74190903      0.94971886742549860     
   2.77397823      0.96044340838643572     
   2.80604720      0.97087913922611191     
   2.83811641      0.98251986862314133     
   2.87018561      0.99313273568836513     
   2.90225458       1.0043356338438287     
   2.93432379       1.0100923195591738     
   2.96639276       1.0174358271709008     
   2.99846196       1.0249932223695191     
   3.03053117       1.0298731544882382     
   3.06260014       1.0330619653875803     
   3.09466934       1.0356137044007170     
   3.12673831       1.0358632657751361     
   3.15880752       1.0338975510828436     
   3.19087672       1.0322164581034425     
   3.22294569       1.0284885712245539     
   3.25501490       1.0237571704056374     
   3.28708386       1.0190142309915664     
   3.31915307       1.0146726420264163     
   3.35122228       1.0095285129396026     
   3.38329124       1.0050237272641225     
   3.41536045       1.0000279447923022     
   3.44742942      0.99521175104963755     
   3.47949862      0.99014315281800347     
   3.51156783      0.98654306999986185     
   3.54363680      0.98423123853362071     
   3.57570601      0.98212603571725821     
   3.60777497      0.98203722760210022     
   3.63984418      0.98257620625569242     
   3.67191339      0.98339952734556269     
   3.70398235      0.98519051224996346     
   3.73605156      0.98759418343955407     
   3.76812053      0.98970353798535504     
   3.80018973      0.99253419901847262     
   3.83225894      0.99660437288430759     
   3.86432791      0.99975215670956563     
   3.89639711       1.0020311782831268     
   3.92846608       1.0040187761235897     
   3.96053529       1.0055097819105030     
   3.99260449       1.0078408156672769     
   4.02467346       1.0089070199983750     
   4.05674267       1.0096019656095867     
   4.08881187       1.0108689515003093     
   4.12088108       1.0096960391549898     
   4.15294981       1.0090596981387241     
   4.18501902       1.0082434419406368     
   4.21708822       1.0072237316212163     
   4.24915743       1.0061034208703326     
   4.28122663       1.0053029184077147     
   4.31329536       1.0037771153117816     
   4.34536457       1.0021421625285358     
   4.37743378       1.0007715131738206     
   4.40950298      0.99962343346816851     
   4.44157219      0.99855092730214678     
   4.47364092      0.99787909061553948     
   4.50571012      0.99688282238136106     
   4.53777933      0.99694687274444971     
   4.56984854      0.99613141165838337     
   4.60191774      0.99643154693966129     
   4.63398647      0.99730157278169240     
   4.66605568      0.99837474788416081     
   4.69812489      0.99798133549569445     
   4.73019409      0.99773631183732614     
   4.76226330      0.99784118230566110     
   4.79433203      0.99803043421926507     
   4.82640123      0.99836286240434746     
   4.85847044      0.99957795138587358     
   4.89053965       1.0003574425089696     
   4.92260885       1.0010348061253911     
   4.95467758       1.0011095328928215     
   4.98674679       1.0026199604247001     
   5.01881599       1.0033459661861812     
   5.05088520       1.0034809348879485     
   5.08295441       1.0031922555049062     
   5.11502314       1.0024084859645217     
   5.14709234       1.0026934419652536     
   5.17916155       1.0024257606661597     
   5.21123075       1.0020189602862550     
   5.24329996       1.0017865401592621     
   5.27536869       1.0018098799404052     
   5.30743790       1.0012508008527738     
   5.33950710       1.0013481719149935     
   5.37157631       1.0008782100255564     
   5.40364552      0.99987080154328689     
   5.43571424      0.99927658672806163     
   5.46778345      0.99965948687651818     
   5.49985266      0.99912637432378082     
   5.53192186      0.99914743799390349     
   5.56399107      0.99899650703195075     
   5.59605980      0.99955139012241190     
   5.62812901       1.0001824273750817     
   5.66019821       1.0011325400333224     
   5.69226742       1.0003194249100524     
   5.72433662      0.99995683277610981     
   5.75640535      0.99989966139120767     
   5.78847456       1.0002316502949971     
   5.82054377      0.99994347732683542     
   5.85261297      0.99979405771882346     
   5.88468218       1.0004957334261637     
   5.91675091       1.0014410688914122     
   5.94882011       1.0014873205870582     
   5.98088932       1.0012967075724730     
   6.01295853       1.0011302375726909     
   6.04502773       1.0012294769962005     
   6.07709646       1.0010632452829402     
   6.10916567       1.0007959642389945     
   6.14123487       1.0005021599353039     
   6.17330408       1.0001343011983035     
   6.20537329       1.0004239573780556     
   6.23744202       1.0005361130364365     
   6.26951122       1.0002807584482203     
   6.30158043       1.0000360531366153     
   6.33364964       1.0001357726769198     
   6.36571884       1.0002980461229507     
   6.39778805       1.0003172224458756     
