   2.07485445E-02   0.0000000000000000     
   6.22456335E-02   0.0000000000000000     
  0.103742719       0.0000000000000000     
  0.145239815       0.0000000000000000     
  0.186736897       0.0000000000000000     
  0.228233978       0.0000000000000000     
  0.269731075       0.0000000000000000     
  0.311228156       0.0000000000000000     
  0.352725238       0.0000000000000000     
  0.394222349       0.0000000000000000     
  0.435719430       0.0000000000000000     
  0.477216512       0.0000000000000000     
  0.518713593       0.0000000000000000     
  0.560210705       0.0000000000000000     
  0.601707757       0.0000000000000000     
  0.643204868       0.0000000000000000     
  0.684701979       0.0000000000000000     
  0.726199031       0.0000000000000000     
  0.767696142       0.0000000000000000     
  0.809193194       0.0000000000000000     
  0.850690305       1.7778445830451156E-004
  0.892187417       1.5954903625666834E-002
  0.933684468      0.18636624235736543     
  0.975181580      0.67918909758669421     
   1.01667869       1.2694692358719852     
   1.05817580       1.6495875398764239     
   1.09967279       1.7735465563888899     
   1.14116991       1.7422698307186129     
   1.18266702       1.6412603473054748     
   1.22416413       1.5205603626778466     
   1.26566124       1.4036208214631365     
   1.30715823       1.3017420844654193     
   1.34865534       1.2221081127336544     
   1.39015245       1.1528157511269028     
   1.43164957       1.0966516122729120     
   1.47314668       1.0529968178458342     
   1.51464367       1.0208055732019736     
   1.55614078      0.99299994537166836     
   1.59763789      0.97472298058886964     
   1.63913500      0.96339732874032158     
   1.68063211      0.95674007567717501     
   1.72212911      0.94997291522210681     
   1.76362622      0.94561946594834745     
   1.80512333      0.94956274484017045     
   1.84662044      0.95518056269450757     
   1.88811755      0.96548747565887783     
   1.92961454      0.97944777695585228     
   1.97111166      0.99324319060055433     
   2.01260877       1.0057582665165898     
   2.05410576       1.0149100792848706     
   2.09560299       1.0252172246513616     
   2.13709998       1.0319369388872246     
   2.17859721       1.0363909187421656     
   2.22009420       1.0372257988408669     
   2.26159120       1.0344986251444188     
   2.30308843       1.0304888245020609     
   2.34458542       1.0276308248157182     
   2.38608265       1.0231574822087408     
   2.42757964       1.0173663049471484     
   2.46907663       1.0125118278010146     
   2.51057386       1.0094725453641429     
   2.55207086       1.0061157418663051     
   2.59356809       1.0036215522637024     
   2.63506508       1.0015364294247815     
   2.67656207       1.0006377258230539     
   2.71805930      0.99892329429465709     
   2.75955629      0.99807574367879548     
   2.80105352      0.99866348459984577     
   2.84255052       1.0001903754601900     
   2.88404751       1.0028439793912416     
   2.92554474       1.0034411017947087     
   2.96704173       1.0018794616408280     
   3.00853896       1.0016757364027822     
   3.05003595       1.0011525657051821     
   3.09153295       1.0009312036091536     
   3.13303018       1.0014751757069498     
   3.17452717       1.0012542467032219     
   3.21602440       1.0014135295687354     
   3.25752139       1.0022439000998751     
   3.29901838       1.0019972893576001     
   3.34051561       1.0040526897846065     
   3.38201261       1.0035574493132717     
   3.42350984       1.0024719450379191     
   3.46500683       1.0019009598075093     
   3.50650382       1.0012720199173106     
   3.54800105       1.0011978061554367     
   3.58949804      0.99979490481827926     
   3.63099527       1.0010378409064182     
   3.67249227       1.0008686526495412     
   3.71398926       1.0010693847621874     
   3.75548649       1.0021784245966061     
   3.79698348       1.0010081911331790     
   3.83848071       1.0000761046381712     
   3.87997770      0.99983244674963012     
   3.92147493      0.99924640301767842     
   3.96297193      0.99954554021588271     
   4.00446892      0.99918608844637113     
   4.04596615      0.99907698040240422     
   4.08746338       1.0001767514037436     
   4.12896013      0.99953061354702455     
   4.17045736      0.99874899842069076     
   4.21195459      0.99919021390827600     
   4.25345135      0.99988986653233980     
   4.29494858      0.99957567978023032     
   4.33644581      0.99958695533136532     
   4.37794256       1.0006798572312474     
   4.41943979       1.0027684776612917     
   4.46093702       1.0030513725679036     
   4.50243425       1.0007305872167718     
   4.54393101       1.0006664591359276     
   4.58542824       1.0000561951316163     
   4.62692547       1.0001178175866929     
   4.66842222      0.99938602699586521     
   4.70991945      0.99966700414421683     
   4.75141668      0.99922933997924590     
   4.79291344      0.99878678555398026     
   4.83441067      0.99854439335660516     
   4.87590790      0.99888639324360651     
   4.91740513      0.99982831140566697     
   4.95890188       1.0003335347864046     
   5.00039911       1.0006515597613550     
   5.04189634       1.0009241039537895     
   5.08339310      0.99968616980708269     
   5.12489033      0.99972404970850448     
   5.16638756      0.99938438396722706     
   5.20788431      0.99880984715167465     
   5.24938154      0.99851984547465467     
   5.29087877      0.99976964085760522     
   5.33237600      0.99942022899939831     
   5.37387276      0.99919806874305228     
   5.41536999      0.99900298811387056     
   5.45686722      0.99879842995781176     
   5.49836397      0.99929710208838984     
   5.53986120       1.0000152849495763     
   5.58135843      0.99981157653915165     
   5.62285519      0.99913035021892926     
   5.66435242      0.99941756203981347     
   5.70584965      0.99965709016073168     
   5.74734688       1.0003975439410695     
   5.78884363       1.0011040367129760     
   5.83034086       1.0011410472547055     
   5.87183809       1.0003059236898471     
   5.91333485       1.0002453062248229     
   5.95483208       1.0005757093583678     
   5.99632931       1.0016039020851046     
   6.03782654       1.0032542799806710     
   6.07932329       1.0020880405533652     
   6.12082052       1.0004598141652883     
   6.16231775      0.99952641709870549     
   6.20381451      0.99950462710272936     
   6.24531174      0.99926334747122092     
   6.28680897      0.99918402305233622     
   6.32830572      0.99851906653999090     
   6.36980295      0.99849551183173035     
   6.41130018      0.99886951935046808     
   6.45279741      0.99981598046500908     
   6.49429417       1.0011693399248827     
   6.53579140      0.99988208468232653     
   6.57728863      0.99986434844662853     
   6.61878538      0.99930371571977872     
   6.66028261      0.99935431562137256     
   6.70177984      0.99956716812960900     
   6.74327660      0.99930760649572814     
   6.78477383      0.99950762972053042     
   6.82627106      0.99976724381070614     
   6.86776829       1.0006810345191437     
   6.90926504       1.0016441484157668     
   6.95076227       1.0007452460986315     
   6.99225950       1.0003037604347389     
   7.03375626       1.0001697287668587     
   7.07525349       1.0002580304598205     
   7.11675072       1.0006928184237238     
   7.15824747       1.0003781047443714     
   7.19974470      0.99999307091653955     
   7.24124193       1.0005464191883062     
   7.28273916       1.0011233676500477     
   7.32423592       1.0012982019510872     
   7.36573315       1.0001983213787013     
   7.40723038      0.99973855469784711     
   7.44872713      0.99917234226496543     
   7.49022436      0.99993323511619625     
   7.53172159      0.99937202616123988     
   7.57321835      0.99952539793653594     
   7.61471558      0.99990679252117232     
   7.65621281       1.0002854985415615     
   7.69771004       1.0003913805795972     
   7.73920679      0.99948945987457061     
   7.78070402      0.99938637101590666     
   7.82220125      0.99963071838901596     
   7.86369801      0.99980047904323122     
   7.90519524      0.99958883760757833     
   7.94669247      0.99923264870768014     
   7.98818922      0.99955234290018113     
   8.02968693       1.0002885787316154     
   8.07118320      0.99959692456493876     
   8.11268044      0.99944982996561382     
   8.15417767      0.99938423178325142     
   8.19567490      0.99946976195922199     
   8.23717213      0.99965652144575856     
   8.27866936      0.99935475426292919     
