   1.75000001E-02   0.0000000000000000     
   5.24999984E-02   0.0000000000000000     
   8.74999985E-02   0.0000000000000000     
  0.122500002       0.0000000000000000     
  0.157499999       0.0000000000000000     
  0.192499995       0.0000000000000000     
  0.227500007       0.0000000000000000     
  0.262499988       0.0000000000000000     
  0.297500014       0.0000000000000000     
  0.332500011       0.0000000000000000     
  0.367500007       0.0000000000000000     
  0.402500004       0.0000000000000000     
  0.437500000       0.0000000000000000     
  0.472499996       0.0000000000000000     
  0.507499993       0.0000000000000000     
  0.542500019       0.0000000000000000     
  0.577499986       0.0000000000000000     
  0.612500012       0.0000000000000000     
  0.647499979       0.0000000000000000     
  0.682500005       0.0000000000000000     
  0.717499971       0.0000000000000000     
  0.752499998       0.0000000000000000     
  0.787500024       0.0000000000000000     
  0.822499990       0.0000000000000000     
  0.857500017       4.7807048710027146E-005
  0.892499983       5.4281710197781243E-003
  0.927500010       8.5376509184221433E-002
  0.962499976      0.42694986452856354     
  0.997500002       1.0332186376561279     
   1.03250003       1.6070714970443307     
   1.06750000       1.9383092284106065     
   1.10249996       2.0225839547941846     
   1.13750005       1.9501355942450798     
   1.17250001       1.8088225680524279     
   1.20749998       1.6466198182274787     
   1.24249995       1.4988473314139228     
   1.27750003       1.3636625607339514     
   1.31250000       1.2498801846947236     
   1.34749997       1.1579443733619958     
   1.38250005       1.0838754372434187     
   1.41750002       1.0223191369341926     
   1.45249999      0.97230674037351661     
   1.48749995      0.93293917420889483     
   1.52250004      0.90138229502791811     
   1.55750000      0.87858996023645608     
   1.59249997      0.86338754503152726     
   1.62750006      0.85385965950242515     
   1.66250002      0.85274954964431027     
   1.69749999      0.85291222816349155     
   1.73249996      0.85929407641892264     
   1.76750004      0.87027357263972860     
   1.80250001      0.88720276000360010     
   1.83749998      0.90562841641211778     
   1.87249994      0.92756113812088048     
   1.90750003      0.95109615061141195     
   1.94250000      0.97791052268227041     
   1.97749996       1.0035716457385908     
   2.01250005       1.0285573493526434     
   2.04749990       1.0494718730146526     
   2.08249998       1.0651236271175342     
   2.11750007       1.0752347010654026     
   2.15249991       1.0799312434371811     
   2.18750000       1.0790344640735066     
   2.22250009       1.0748642672005733     
   2.25749993       1.0667126995280742     
   2.29250002       1.0563902365590940     
   2.32750010       1.0458989992551071     
   2.36249995       1.0342935996696550     
   2.39750004       1.0236591743655028     
   2.43249989       1.0137238395481249     
   2.46749997       1.0040768658837438     
   2.50250006      0.99312930568488733     
   2.53749990      0.98682714297012919     
   2.57249999      0.98312958707987697     
   2.60750008      0.97939655964814709     
   2.64249992      0.97731598971079958     
   2.67750001      0.97676695612573550     
   2.71250010      0.97638820035200080     
   2.74749994      0.97790310581829487     
   2.78250003      0.98080452738591939     
   2.81750011      0.98538310353863534     
   2.85249996      0.98875773232255981     
   2.88750005      0.99158009941132352     
   2.92249990      0.99446800440402261     
   2.95749998      0.99730636856961075     
   2.99250007       1.0014770391074166     
   3.02749991       1.0051956227604959     
   3.06250000       1.0083703325843443     
   3.09750009       1.0102445390315056     
   3.13249993       1.0122863875508576     
   3.16750002       1.0135108500919747     
   3.20250010       1.0133142655737937     
   3.23749995       1.0112499072675942     
   3.27250004       1.0093587533337660     
   3.30749989       1.0085129039043936     
   3.34249997       1.0069206761331884     
   3.37750006       1.0045899005952823     
   3.41249990       1.0035668072326647     
   3.44749999       1.0021190273050040     
   3.48250008       1.0007727743993016     
   3.51749992      0.99899722691984549     
   3.55250001      0.99761983384973407     
   3.58750010      0.99711813761471058     
   3.62249994      0.99724977285223637     
   3.65750003      0.99630880814499856     
   3.69250011      0.99647859688104234     
   3.72749996      0.99898968233227348     
   3.76250005      0.99912903703786715     
   3.79749990      0.99814187826342515     
   3.83249998      0.99850778372207083     
   3.86750007      0.99865097762804145     
   3.90249991      0.99913520067696693     
   3.93750000      0.99918365899518380     
   3.97250009       1.0003917181867803     
   4.00750017       1.0009016672160544     
   4.04250002       1.0009921330180673     
   4.07749987       1.0009587876105059     
   4.11250019       1.0013317005385929     
   4.14750004       1.0017270554586708     
   4.18249989       1.0022846795730307     
   4.21750021       1.0027244914482689     
   4.25250006       1.0029010789773385     
   4.28749990       1.0014420675944427     
   4.32250023       1.0008352965986360     
   4.35750008       1.0010352673363956     
   4.39249992       1.0011060668025198     
   4.42749977       1.0009536587370838     
   4.46250010       1.0009278700501036     
   4.49749994      0.99990430770946781     
   4.53249979      0.99924296010068403     
   4.56750011      0.99882300030741678     
   4.60249996      0.99891176685059113     
   4.63749981      0.99907124299014671     
   4.67250013      0.99956148791499355     
   4.70749998      0.99998547473747768     
   4.74249983      0.99922654617322881     
   4.77750015      0.99966406456491541     
   4.81250000      0.99979478810504208     
   4.84749985      0.99996708447360771     
   4.88250017       1.0003590571418524     
   4.91750002      0.99996089597948690     
   4.95249987       1.0000520688869239     
   4.98750019       1.0001120415943050     
   5.02250004      0.99995885905743997     
   5.05749989       1.0007794032520472     
   5.09250021       1.0020470049883130     
   5.12750006       1.0014080645201111     
   5.16249990       1.0006068644749078     
   5.19750023       1.0001648640540051     
   5.23250008      0.99993959459894854     
   5.26749992       1.0005685794887924     
   5.30249977      0.99947071191148018     
   5.33750010      0.99954676999275005     
   5.37249994      0.99925171931810386     
   5.40749979      0.99977761439594959     
   5.44250011       1.0002882473246679     
   5.47749996       1.0013639509176011     
   5.51249981       1.0002835679776949     
   5.54750013       1.0000701190738051     
   5.58249998      0.99968504967082394     
   5.61749983      0.99998416746741647     
   5.65250015      0.99921914597764760     
   5.68750000      0.99919594726298211     
   5.72249985      0.99889262662897427     
   5.75750017      0.99922726284429131     
   5.79250002      0.99972615243008989     
   5.82749987       1.0010478256474640     
   5.86250019       1.0003364548341833     
   5.89750004      0.99992362527470646     
   5.93249989       1.0003131747422691     
   5.96750021       1.0006925013301298     
   6.00250006       1.0011834526306262     
   6.03749990       1.0002444663584900     
   6.07250023      0.99981598258711379     
   6.10750008       1.0003244595638174     
   6.14249992       1.0012424256900845     
   6.17749977       1.0012538662275103     
   6.21250010       1.0003071113306441     
   6.24749994      0.99979557008171505     
   6.28249979      0.99969346842384454     
   6.31750011       1.0002547062805753     
   6.35249996      0.99986513359005524     
   6.38749981      0.99970364337013340     
   6.42250013      0.99992802428764838     
   6.45749998       1.0005014893811479     
   6.49249983       1.0006253551098960     
   6.52750015       1.0002449263271511     
   6.56250000       1.0002716323019414     
   6.59749985      0.99980702647366981     
   6.63250017       1.0002409788488869     
   6.66750002      0.99937490759363157     
   6.70249987      0.99981493543778843     
   6.73750019      0.99994937484092961     
   6.77250004       1.0003604446996932     
   6.80749989      0.99993739199391019     
   6.84250021      0.99992904014797201     
   6.87750006      0.99939603463437532     
   6.91249990      0.99934203102996577     
   6.94750023      0.99939904338707009     
   6.98250008      0.99954672744987005     
